368925240582247, 337542061908847, 298737178993847 @ 21, -126, -9
287668477092999, 306868689869154, 240173335647821 @ -21, -15, 29
172063062341522, 378381220662744, 223621999511007 @ -25, -38, -64
173207142739382, 380138705823962, 212955454913987 @ 161, -145, 90
247022614384315, 185370784055125, 147179140524802 @ -69, 522, 316
217792334007217, 335544126126437, 224689077398382 @ -21, 44, 38
299770700307633, 276411876062111, 231728856977022 @ 37, -16, 56
177460447590696, 394984002679863, 262733196565343 @ 114, -228, -213
176614950075487, 370884293858717, 209136004747612 @ -19, 24, 152
259525015748026, 515478997414329, 121141365674495 @ -64, -566, 363
309264456151858, 267141373521070, 244731176148535 @ 29, -7, 38
187122860561772, 378315953355942, 222494325823037 @ 15, -115, 24
181451145191142, 374939689365012, 234506561549372 @ 124, -121, -14
503640060112722, 291437849901318, 245624399453666 @ -100, -83, 50
174947612354229, 383378198664484, 249366034176861 @ 43, -141, -283
320194725201552, 297199224582094, 203316124224147 @ -110, 17, 106
268574441334874, 212259948250790, 370387955369813 @ 84, 77, -147
193292983681304, 350173096604610, 241840259527547 @ -66, 127, -144
432280193473452, 306492139934062, 345578006725332 @ -218, -43, -140
144128072238447, 226855820191947, 193652434223597 @ 269, 94, 117
232870728048654, 391796916862920, 385758841882583 @ -89, -200, -666
190025499714877, 268351925916867, 115544476454771 @ 105, 316, 495
247018812539496, 385103169672294, 219250186831601 @ -139, -171, 62
268446817557540, 510691654255194, 259512186821189 @ -8, -461, -21
166447358570352, 283005802398522, 274986725485217 @ 214, 156, -113
197091877485728, 316793900783078, 115449049683289 @ 194, -85, 214
198949850832164, 144672866777202, 39463069205125 @ 177, 226, 374
228679990271082, 345711806905970, 238812494572851 @ -95, 15, -32
442891237152006, 484147897646730, 222479972268677 @ -123, -305, 71
207263945517424, 297410877080202, 237251622903033 @ 102, 76, 17
321501523083840, 185528159003826, 315951641694521 @ 66, 44, -31
273946635056322, 168630375532842, 187236728737943 @ 125, 51, 110
185129473659966, 285769043407596, 269384636132147 @ 209, -40, 6
252200950760232, 246865784927232, 236893897964927 @ 66, 87, 39
192906928599792, 321130494377562, 272788091566207 @ 130, 31, -104
377855456859802, 351476808651928, 260786085611185 @ -195, -108, -11
166106918860344, 373741902396897, 218714007362408 @ 66, 46, 14
232469399946306, 267202364145252, 181051032012581 @ -11, 226, 195
245688669732726, 339885275943261, 238795583491061 @ -36, -30, 5
401394425595108, 357000381476784, 303703680388589 @ 12, -150, -5
215424311473029, 282918553940071, 60094071015779 @ 187, -70, 243
288808799951600, 253454114398294, 358102353793642 @ -118, 189, -314
167350882633237, 368935317887297, 252746061757822 @ 153, -34, -224
342973316339872, 247890588285622, 499671382755097 @ 26, -13, -259
331224714582321, 341583064703790, 185759055981271 @ -29, -107, 127
184016573882827, 404725407855607, 170491598612751 @ 15, -324, 443
534101395234624, 437276937317382, 328752808927033 @ -202, -239, -55
302542065057881, 412736324763397, 171515157099251 @ 107, -204, 123
191448431581896, 377678982769150, 302078650970841 @ 13, -118, -491
234507386503272, 363747869969430, 243293426671169 @ 100, -135, 27
202051656150232, 310236546946142, 206821185861997 @ 44, 159, 116
249055296284526, 284950052112284, 223321504989934 @ -68, 167, 52
166194882076662, 345834830578222, 207329442303927 @ 181, 81, 128
268653449571286, 277747439576718, 302494091687029 @ 113, -47, -25
423769568543652, 165147015287052, 341400414557867 @ -32, 54, -52
157632683545632, 287251484741286, 216656820721145 @ 235, 455, 69
252052305301424, 224924766491862, 243503991881097 @ -171, 526, -44
350443591633632, 215131372760190, 149170001424881 @ -110, 138, 202
314821703630749, 291117623068756, 387196165026156 @ 27, -45, -160
315168032547474, 193821914588556, 362648880250937 @ 77, 30, -79
247403715576432, 218083552545662, 351429676252581 @ 130, 41, -97
433789034420352, 254501415491727, 444931631687627 @ -38, -42, -157
500250508465569, 384942629627460, 377532923206376 @ -87, -177, -78
355500294734524, 15926436305966, 88938073744579 @ 32, 225, 218
323851311064713, 520842463549698, 39245478673703 @ -17, -391, 359
296091290592672, 295678075101222, 249973613589497 @ -6, -13, 17
545595031881822, 449441508931422, 346611154745697 @ -200, -251, -71
137898765523352, 232483921734312, 124175115658557 @ 278, 70, 227
255167436338277, 326269790260717, 340966274712412 @ -107, 38, -370
275620940980798, 342651237081344, 214396431537135 @ -73, -60, 82
190912381432452, 174749122150962, 230195052811157 @ 183, 220, 52
418399580558400, 265223922546750, 291747564398177 @ -126, -5, -29
276463889843625, 276291747427529, 141319965518277 @ 19, 32, 221
281434747380039, 326633495017974, 279316927364615 @ -51, -35, -73
212272804571437, 308888032294424, 229564735467396 @ 15, 143, 20
258086016085596, 390239812855465, 286265475357243 @ -98, -190, -161
191663343225824, 325743626133976, 253921200755415 @ 26, 198, -160
486648760761400, 271582101879054, 372020688316161 @ -241, -8, -152
173934583389138, 341718209978773, 226518949517583 @ 196, -48, 47
179160347130522, 396404422898817, 327601895632052 @ 80, -246, -722
348915677777815, 140719593580337, 250528834666614 @ -37, 186, 28
259766040205092, 295434115109814, 283933506510815 @ 40, 5, -58
300349929226311, 286011276971616, 262062846209915 @ 23, -21, 7
380095943887752, 243002207777982, 291394094672737 @ -17, -8, -10
312673554439737, 272915661417462, 339263588526062 @ -37, 29, -146
389196460499163, 285155760320448, 302582587251434 @ -67, -41, -38
282029152072524, 269171700300857, 338275078655281 @ 94, -34, -71
226941720467484, 371253178558340, 220077824512609 @ -128, -96, 53
337104693561747, 454065687744911, 203455050196335 @ 25, -262, 95
275023627636032, 286199812239914, 173854207726669 @ 130, -78, 122
271782494439202, 200792462176932, 379733488414982 @ 36, 163, -222
318364014730112, 244593235373062, 261577642551897 @ -81, 110, -14
440925532685530, 259500729906329, 303915640430750 @ -48, -46, -12
171095360597712, 340907174556183, 206066694695045 @ 170, 54, 125
197013376114383, 324636977242271, 285367047368944 @ 169, -58, -56
255105946121005, 228195192862593, 224819328586352 @ 101, 58, 66
234157862660520, 368486103523470, 198699875075765 @ 88, -141, 114
387490147213764, 196348773649398, 301977234751025 @ 21, 9, -5
170779499561124, 376254663852786, 219119282466641 @ 29, -26, 19
200009621297076, 416369287269750, 261341914225034 @ -18, -355, -198
451839062283262, 351815852778939, 445125037148919 @ -180, -128, -253
395921942402407, 222881624969917, 136931073740897 @ -121, 74, 201
338679192585072, 257926315092822, 508558671146597 @ 34, -27, -265
237331427297316, 266521131344634, 124562887562077 @ 109, 28, 236
179023445334272, 223111488151542, 151592682052105 @ 200, 166, 214
331321679981832, 419684740224306, 150217821344885 @ 40, -218, 158
357075324551177, 203220994366420, 364188663813779 @ 15, 35, -93
482392346434908, 303139746674421, 365906473196363 @ -66, -98, -65
249371888636732, 284681050337742, 375179314071457 @ 101, -17, -173
276480150830688, 360573018062598, 286768181057433 @ 16, -128, -58
466223779575002, 281667915716007, 454502092527714 @ -60, -74, -158
196702815975730, 410397304647024, 206527008220547 @ -127, -392, 156
254045364084038, 209998925494802, 186793021486939 @ 77, 131, 130
178706514799692, 276852173172708, 235468683615778 @ 190, 103, 28
217152051862512, 317511673323942, 194504521531257 @ 79, 13, 137
340390207213386, 348446496344088, 342342509166287 @ -91, -108, -154
419186110876302, 201273298517512, 406705877438537 @ -47, 30, -135
475788423737774, 262089957701494, 171605049660991 @ -99, -43, 128
252154327253871, 310834455988980, 239832867419045 @ 49, -21, 29
234617332372113, 346157772377374, 219409048906807 @ 79, -91, 71
320107878953555, 334291815357820, 249696875463296 @ -19, -93, 24
323696558362674, 336015136818558, 267810410858669 @ -239, -31, -73
284008154579192, 315266069038698, 415228145651341 @ 110, -101, -137
169684368163809, 371588448075042, 198707434387955 @ 119, -39, 227
206872302897472, 198652300047262, 68355834037987 @ 170, 113, 308
423562288755536, 341861821331158, 443881186923545 @ -291, -88, -381
179489238894328, 313515522232443, 163584576249215 @ 162, 88, 267
358063584350837, 524390982186124, 380312409026497 @ 5, -345, -119
213225626810044, 316475288976200, 199694627690717 @ -96, 242, 171
373896635893632, 197910021130662, 246282351486457 @ 28, 13, 49
245634109283094, 373567625509206, 270855268906421 @ -127, -123, -153
340883946238056, 290184233978145, 286773295588427 @ 18, -58, -9
267224523264560, 281275248085974, 216328240217257 @ -109, 160, 76
388400354244188, 209634668751906, 214211304880635 @ -168, 139, 82
245253922385655, 252312556320603, 45393059317529 @ 97, 50, 369
154447517366956, 95615748397874, 194958880300313 @ 251, 174, 105
334995948940648, 123042529533334, 291035247429537 @ -21, 219, -34
160290663152262, 208860806000577, 275817989732242 @ 244, 34, 8
128437220208503, 126570100903751, 97598981357007 @ 321, 510, 391
255134843261797, 346356510202927, 161738911875912 @ 105, -120, 158
261265298999026, 186443280796204, 319998849906965 @ -28, 347, -195
333310409609208, 258196911199830, 182570760205349 @ -126, 93, 149
230180862198518, 317034642041984, 247889470860538 @ 8, 47, -26
485882507069972, 534492704124362, 89646020622701 @ -75, -324, 204
446416717195638, 163986230090814, 482167034006014 @ -32, 37, -178
166947955305217, 405060867342316, 261773652389646 @ 135, -357, -382
394124069141353, 271533235134662, 295588743345609 @ -81, -19, -31
234970626264656, 305526134375286, 205496718989849 @ -111, 190, 123
199716848095332, 303040370261442, 177732435973547 @ 124, 59, 186
262698810064359, 243240248974884, 286643888603066 @ 111, 7, -12
393927610270570, 499962599178182, 472487826591762 @ -88, -339, -284
223101519318492, 327025578128842, 144728645255522 @ -26, 65, 366
246883998082266, 318592578018012, 233837390976341 @ 29, -14, 35
337054557648063, 217128462770355, 316089927549551 @ 67, -8, -21
177619639624711, 389630362374739, 238983317091409 @ -97, -220, -295
341133565514283, 151359139520475, 228766897336979 @ 11, 124, 63
186597278435192, 376583922868694, 221989551413145 @ -45, -81, 13
238951807594248, 256435444874015, 275203763599613 @ 34, 158, -75
236901254061722, 292976674722032, 245168535993077 @ -40, 155, -27
486900391015807, 325335293232060, 387588965175142 @ -105, -113, -104
342515806066317, 250402183133537, 473471729665107 @ 43, -28, -205
261632365452912, 237677704044162, 335446066267877 @ 94, 40, -96
323277450565108, 119354881999160, 158116342206643 @ 78, 95, 139
282987285521511, 218139173000721, 313783518482516 @ -17, 174, -126
371705612052720, 258232574498999, 421682668363404 @ -182, 78, -332
180619632639699, 359710689317373, 246508139495366 @ -91, 188, -346
216835479791422, 342834773366902, 240030895701282 @ -40, 29, -38
335298075298240, 250754736801830, 268290012106201 @ -46, 45, -7
215563159353931, 363232490081056, 227320149677313 @ -19, -73, 25
278285358208110, 114605334157095, 227690498457122 @ 12, 348, 56
223689767081012, 287157257330032, 292610619926692 @ 54, 107, -142
327623210410646, 213643459602210, 223735225000439 @ 77, -5, 72
162766489533831, 283150789277733, 217623711464529 @ 229, 112, 73
307711963640932, 204063146001390, 106586493133777 @ 95, 7, 191
394796296147720, 357614468316818, 365600950646156 @ -174, -127, -186
242897073820927, 253944350805834, 109262415980292 @ 5, 193, 376
346030266721266, 237255728621788, 271175762332692 @ 64, -33, 26
289633885599238, 413997199472182, 253929502543869 @ 51, -219, 23
200277937514152, 373212934223022, 282046904749987 @ 54, -119, -212
246646896199482, 17589279942532, 268656230844467 @ 133, 294, 12
236185344549855, 373059999854885, 357328976659048 @ -23, -132, -400
188104875391542, 303700538409756, 280260096884624 @ 60, 303, -298
264295483141372, 321901888850822, 126574670255517 @ -85, 21, 352
357855053992488, 241950639789030, 177720935100161 @ -7, 5, 128
246858148227692, 196393730311802, 187540991119237 @ 65, 206, 136
316940846447312, 513195243070390, 363399197928737 @ -60, -421, -204
300707209652077, 197141646332552, 306209734366172 @ 83, 39, -24
186073827418409, 378085452321535, 230534409047933 @ 39, -118, -27
432663256465272, 147211904171022, 355814949541097 @ -45, 76, -69
450215409996906, 189358455304355, 325121650757307 @ -44, 18, -29
260493951371662, 165865615540242, 395300507229957 @ 53, 235, -257
237184363955740, 353198838558254, 313362149716653 @ -133, -21, -380
199418133097677, 123099820567961, 183376888726489 @ 205, 90, 113
416137246607280, 142923748085688, 365951749054763 @ -14, 68, -72
170525260254360, 340713048333255, 300390004998191 @ 162, 88, -413
400082003836656, 330282789992150, 214769025967097 @ -104, -97, 81
434232911767628, 235360163864694, 276976127662329 @ -37, -23, 17
459734449028820, 282084842933028, 183218610534377 @ -136, -46, 121
227509829810552, 333153047012002, 268265213156127 @ 38, -21, -76
296993058790182, 239156438675170, 214213260795775 @ -5, 87, 82
163649945786472, 231666327200447, 253861719156297 @ 226, 266, -31
261671437774197, 240353499274617, 146287083829682 @ -25, 200, 258
236914910188904, 229201166677089, 295625977109796 @ 146, 22, -22
313935243480403, 149465934279575, 412862197639386 @ 81, 74, -130
329085756726690, 441994030140372, 369513769880951 @ 13, -254, -130
173932872055062, 378193149183741, 251111464864068 @ 40, -80, -328
307451304938252, 261006245981632, 288987162915402 @ 6, 23, -38
361150540632156, 362180982816159, 347700786020948 @ -306, -112, -278
280008664741743, 267839431308390, 199254632355322 @ 49, 13, 106
225398833869558, 464852176578294, 350778321706367 @ -31, -491, -464
214315673230564, 342753623111054, 382209098861161 @ -73, 63, -835
301084806413507, 127545412122048, 20688403912518 @ 105, 79, 274
488991086456636, 223240076346626, 225132943555717 @ -72, -21, 71
385342875150132, 321136623273207, 290625417594932 @ -26, -100, -10
180488769055968, 355907962863912, 215819685506801 @ -38, 176, 69
274276582051802, 268969833471222, 269845091662377 @ 8, 61, -31
312621563300760, 244266703846355, 348414491183082 @ -62, 104, -184
249680632661836, 343417193065854, 239907168956117 @ -88, -23, -9
237028728027972, 290699824024162, 83505566465452 @ 70, 33, 370
325511446778122, 347989879990356, 147911721527441 @ -25, -116, 189
211183483895340, 386989974246822, 332520019711419 @ 118, -179, -197
327027697390920, 296000846874093, 469334112661586 @ 82, -90, -168
241186885819214, 357394938961570, 202621809991807 @ -139, -45, 136
315908667198426, 278577384766830, 249804801835631 @ 7, -15, 28
406565916902082, 223025762434702, 353782162068677 @ -32, 5, -75
265975353341040, 255530858526735, 248594763345365 @ 106, -8, 37
363791663209672, 279936031868382, 259482319169337 @ -235, 70, -23
171706157564964, 364154204527050, 252223956675695 @ 96, 35, -270
302629550881816, 306016787135730, 381821817394485 @ 48, -68, -148
196222169822690, 321621479098074, 216271749993505 @ 141, -5, 77
323089820927280, 390486159263993, 234247771062764 @ -86, -186, 42
520835031154488, 323990611616646, 368951676614633 @ -191, -103, -105
214667511145450, 417933299719949, 49461059009989 @ -36, -328, 877
183637356484647, 372366541801210, 266455295817967 @ 25, -63, -329
333560610424014, 326254614027600, 483180134032691 @ 68, -117, -193
293656362395384, 328352930902622, 364293486494807 @ 14, -79, -174
133936673703617, 207765336491400, 248907052206225 @ 285, 115, 25
385684524845760, 196580400744184, 452380972732994 @ -38, 59, -216
246665276015747, 320651135823722, 234882397191122 @ -9, 9, 24
170244898332112, 378554281364042, 220076249966197 @ -18, -28, -14
300896265851424, 333739653637350, 206075096071673 @ -18, -81, 97
216594842924172, 299095246869912, 252175386687968 @ -50, 251, -102
306691679879474, 424092579357596, 15217176857799 @ 99, -216, 280
171583256677923, 373449334071474, 219077411477435 @ 91, -47, 39
309264774251742, 269023752674217, 259271253266942 @ 32, -12, 18
189361414301742, 369371212301442, 258432914266517 @ 161, -133, -33
256629567178937, 327003399038657, 304128338001329 @ 5, -34, -135
217558462970733, 101335679715825, 280634176585773 @ 163, 220, -11
406106751743042, 221724887647912, 266781388246957 @ -49, 18, 19
376706960989319, 207769127910796, 222174846063627 @ -49, 63, 71
178309970737191, 356425993009476, 191047727096321 @ 149, -45, 185
307523656273317, 256489360386612, 215955395184008 @ -135, 151, 78
358726161449008, 241034402411694, 383944802412359 @ -118, 85, -225
162062059097912, 361325612332262, 179032894115137 @ 159, 165, 560
171632082060181, 373265861866697, 221795771505721 @ 101, -54, 17
228619170031168, 512339883591150, 226792998086457 @ 6, -596, 41
169916237283832, 273870503525451, 188411091041729 @ 210, 130, 153
198003553462950, 329192497216698, 245643746602847 @ 77, 55, -44
334883696452382, 519495268081879, 382518694632962 @ -280, -570, -414
369601402814721, 237924157620381, 237759276292568 @ -39, 22, 50
266613476848964, 115759248104213, 320930933096901 @ 78, 240, -83
337944949773030, 288760686028071, 228555592734641 @ -68, -8, 57
269306725416723, 304341634432341, 234297747611025 @ -77, 58, 25
329128180035045, 383734258143227, 134678409818660 @ -17, -174, 204
199443088526880, 394736231619654, 139284220078649 @ -18, -226, 539
376281508945584, 300508360351926, 233186406703973 @ -26, -71, 58
352251751187484, 213707862240234, 312517909663121 @ -149, 172, -117
251162718459728, 536611093924018, 311072122333911 @ 18, -541, -152
185427186955392, 120627460384662, 319303748388473 @ 220, 86, -23
193408571145435, 15011278013937, 132871195367924 @ 189, 416, 212
428376624993105, 249112385758650, 384464519491001 @ -59, -23, -111
305860493677698, 367084722912245, 236405168722072 @ 76, -156, 56
399031652114310, 216008143879227, 249842221939937 @ -28, 16, 41
248162466303960, 415554593806250, 203866499417697 @ -176, -310, 131
331744458607472, 266611188409892, 212878259697407 @ -30, 12, 84
338803141750482, 406022735899146, 385384139350430 @ -20, -207, -170
224654456281888, 412465999718731, 358410446181052 @ 122, -226, -184
260611558029672, 300418581353122, 307394362419797 @ 76, -36, -72
281278250938651, 216853771137031, 290836748176594 @ 33, 114, -50
266271104233384, 282576446971698, 284848375354455 @ 14, 43, -68
353140182875692, 274458840916422, 313233767631197 @ 39, -59, -24
169298726630142, 292549678297884, 143705040896609 @ 235, -78, 157
170969637473792, 335387081640580, 318955854765251 @ 170, 84, -450
377588815479352, 282654003853622, 300645555444577 @ -27, -49, -26
325099335298464, 284828783387094, 356733278200745 @ -6, -25, -133
158440279600767, 213490155095307, 185911043876987 @ 241, 314, 163
226396035996232, 293876171824022, 322345184936417 @ -109, 291, -462
167448601811415, 192179386913334, 68412602574974 @ 201, 605, 670
302358020276397, 360094416729414, 313946394312539 @ 75, -147, -37
244718617614284, 164093259165406, 241076578176277 @ 63, 287, 26
298265722242982, 381916036816051, 155265577915328 @ -60, -168, 210
444166214830916, 281198070825358, 415163304563524 @ -34, -75, -116
441277529281185, 230809993808262, 305548639597010 @ -43, -19, -12
532777853467047, 341316540284267, 198923140714782 @ -155, -130, 98
339883809860967, 325915701544962, 301290912294732 @ -149, -47, -106
427834049207247, 203126717596887, 256346144305022 @ -45, 20, 36
202773600481746, 361962744584940, 230772832689661 @ -29, -32, -13
331149460238380, 205889399057990, 356689188254499 @ 48, 29, -82
277939364149488, 255639201595350, 13943464475177 @ 24, 63, 451
189164777415456, 312302406836198, 126273672984761 @ 142, 59, 363
